<?xml version="1.0" encoding="UTF-8"?>
<map version="1.4" tiledversion="1.4.2" orientation="orthogonal" renderorder="right-down" width="11" height="15" tilewidth="100" tileheight="100" infinite="0" nextlayerid="16" nextobjectid="1">
 <tileset firstgid="1" source="../../map_monster.tsx"/>
 <tileset firstgid="10001" source="../../map_boss.tsx"/>
 <tileset firstgid="20001" source="../../map_good.tsx"/>
 <layer id="5" name="layer1" width="11" height="15" visible="0">
  <data encoding="csv">
0,0,0,0,0,0,0,0,0,0,0,
0,0,0,0,0,0,0,0,0,0,0,
0,21007,0,0,0,0,0,0,0,21007,3097,
0,0,0,0,0,0,0,0,0,0,0,
0,0,0,0,0,0,0,0,0,0,0,
0,0,0,0,0,0,0,0,0,0,0,
0,0,0,0,0,0,0,0,0,0,0,
0,0,0,0,0,15008,0,0,0,0,0,
0,0,0,0,0,0,0,0,0,0,0,
0,0,0,0,0,0,0,0,0,0,0,
0,0,0,0,0,0,0,0,0,0,0,
3097,21007,0,0,0,0,0,0,0,21007,0,
0,0,0,0,0,0,0,0,0,0,0,
0,0,0,0,0,0,0,0,0,0,0,
0,0,0,0,0,0,0,0,0,0,0
</data>
 </layer>
 <layer id="10" name="layer2" width="11" height="15" visible="0">
  <data encoding="csv">
0,0,0,0,0,0,0,0,0,0,0,
0,0,0,21007,0,0,0,21007,0,0,0,
0,0,0,0,0,0,0,0,0,0,0,
0,0,0,0,0,0,0,0,0,0,0,
0,0,0,0,0,0,0,0,0,0,0,
0,0,0,0,0,0,0,0,0,0,0,
0,0,0,0,0,15008,0,0,0,0,0,
21007,0,0,0,0,0,0,0,0,0,21007,
3034,0,0,0,0,0,0,0,0,0,3034,
21007,0,0,0,0,0,0,0,0,0,21007,
0,0,0,0,0,0,0,0,0,0,0,
0,0,0,0,0,0,0,0,0,0,0,
0,0,0,0,0,0,0,0,0,0,0,
0,0,0,0,0,0,0,0,0,0,0,
0,0,0,0,0,0,0,0,0,0,0
</data>
 </layer>
 <layer id="11" name="layer3" width="11" height="15" visible="0">
  <data encoding="csv">
3018,21007,0,0,0,0,0,0,0,21007,3018,
21007,21007,0,0,0,0,0,0,0,21007,21007,
0,0,0,0,0,0,0,0,0,0,0,
0,0,0,0,0,0,0,0,0,0,0,
0,0,0,0,0,0,0,0,0,0,0,
0,0,0,0,0,0,0,0,0,0,0,
0,0,0,0,0,15008,0,0,0,0,0,
0,0,0,0,0,0,0,0,0,0,0,
0,0,0,0,0,21002,0,0,0,0,0,
0,0,0,0,0,0,0,0,0,0,0,
0,0,0,0,0,0,0,0,0,0,0,
0,0,0,0,0,0,0,0,0,0,0,
0,0,0,0,0,0,0,0,0,0,0,
0,0,0,0,0,0,0,0,0,0,0,
0,0,0,0,0,0,0,0,0,0,0
</data>
 </layer>
 <layer id="12" name="layer4" width="11" height="15" visible="0">
  <data encoding="csv">
21002,0,0,0,0,0,0,0,0,0,0,
21002,0,0,0,0,0,0,0,0,0,0,
3084,0,0,0,0,0,0,0,0,0,0,
0,0,0,0,0,0,0,0,0,0,0,
0,0,0,0,0,0,0,0,0,0,0,
0,0,0,0,0,0,0,0,0,0,0,
0,0,0,0,0,15008,0,0,0,0,0,
0,0,0,0,0,0,0,0,0,0,0,
0,0,0,0,0,0,0,0,0,0,0,
0,0,0,0,0,0,0,0,0,0,0,
0,0,0,0,0,0,0,0,0,0,0,
0,0,0,0,0,0,0,0,0,0,0,
0,0,0,0,0,0,0,0,0,0,3084,
0,0,0,0,0,0,0,0,0,0,21007,
0,0,0,0,0,0,0,0,0,0,21007
</data>
 </layer>
 <layer id="13" name="layer5" width="11" height="15" visible="0">
  <data encoding="csv">
21007,21007,3020,0,0,0,0,0,0,0,0,
0,0,0,0,0,0,0,0,0,0,0,
0,0,0,0,0,0,0,0,0,0,0,
0,0,0,0,0,0,0,0,0,0,0,
0,0,0,0,0,0,0,0,0,0,0,
0,0,0,0,0,0,0,0,0,0,0,
0,0,0,0,0,0,0,0,0,0,0,
0,0,0,0,0,15008,0,0,3020,21007,21007,
0,0,0,0,0,0,0,0,0,0,0,
0,0,0,0,0,0,0,0,0,0,0,
0,0,0,0,0,0,0,0,0,0,0,
0,0,0,0,0,0,0,0,0,0,0,
0,0,0,0,0,0,0,0,0,0,0,
0,0,0,0,0,0,0,0,0,0,0,
21007,21007,0,0,0,0,0,0,0,0,0
</data>
 </layer>
</map>
