<?xml version="1.0" encoding="UTF-8"?>
<map version="1.4" tiledversion="1.4.2" orientation="orthogonal" renderorder="right-down" width="11" height="15" tilewidth="100" tileheight="100" infinite="0" nextlayerid="2" nextobjectid="1">
 <tileset firstgid="1" source="../../map_monster.tsx"/>
 <tileset firstgid="10001" source="../../map_boss.tsx"/>
 <tileset firstgid="20001" source="../../map_good.tsx"/>
 <layer id="1" name="layer1" width="11" height="15">
  <data encoding="csv">
0,0,21002,0,0,0,0,0,0,0,0,
0,0,21002,0,0,0,0,0,0,0,0,
0,0,21002,0,0,0,0,0,0,0,0,
21007,21007,21007,0,0,0,0,0,21007,21007,21007,
0,0,21007,0,0,0,0,0,21007,0,0,
0,0,21002,0,0,0,0,0,21002,0,0,
0,0,21007,0,0,0,0,0,21007,0,0,
21007,21007,21007,0,0,0,0,0,21007,21007,21007,
0,0,21007,0,0,0,0,0,21007,0,0,
0,0,21002,0,0,0,0,0,21002,0,0,
0,0,21007,0,0,0,0,0,21007,0,0,
21007,21007,21007,0,0,0,0,0,21007,21007,21007,
0,0,0,0,0,0,0,0,21002,0,0,
0,0,0,0,0,0,0,0,21002,0,0,
0,0,0,0,0,0,0,0,21002,0,0
</data>
 </layer>
 <layer id="1" name="0" width="11" height="15">
  <data encoding="csv">
3083,0,0,0,0,0,0,0,0,0,0,
0,0,0,0,0,0,0,0,0,3100,0,
0,0,0,0,0,0,0,0,0,0,0,
0,0,0,0,0,0,0,0,0,0,0,
0,0,0,0,0,0,0,0,0,0,0,
3091,0,0,0,0,0,0,0,0,0,3091,
0,0,0,0,0,0,0,0,0,0,0,
0,0,0,0,0,0,0,0,0,0,0,
0,0,0,0,0,0,0,0,0,0,0,
3091,0,0,0,0,0,0,0,0,0,3091,
0,0,0,0,0,0,0,0,0,0,0,
0,0,0,0,0,0,0,0,0,0,0,
0,0,0,0,0,0,0,0,0,0,0,
0,3100,0,0,0,0,0,0,0,0,0,
0,0,0,0,0,0,0,0,0,0,3083
</data>
 </layer>
</map>
