<?xml version="1.0" encoding="UTF-8"?>
<map version="1.2" tiledversion="1.2.0" orientation="orthogonal" renderorder="right-down" width="11" height="15" tilewidth="100" tileheight="100" infinite="0" nextlayerid="16" nextobjectid="1">
 <tileset firstgid="1" source="../../map_monster.tsx"/>
 <tileset firstgid="10001" source="../../map_boss.tsx"/>
 <tileset firstgid="20001" source="../../map_good.tsx"/>
 <layer id="5" name="layer1" width="11" height="15" visible="0">
  <data encoding="csv">
0,0,0,0,0,0,0,0,0,21007,21007,
0,0,0,0,0,0,0,0,0,21007,3101,
0,0,0,0,0,0,0,0,0,21007,21007,
0,0,0,0,0,0,0,0,0,0,0,
0,0,0,0,0,0,0,0,0,0,0,
0,0,0,0,0,0,0,0,0,0,0,
0,0,0,0,21007,21007,21007,0,0,0,0,
0,0,0,0,21007,15034,21007,0,0,0,0,
0,0,0,0,21007,21007,21007,0,0,0,0,
0,0,0,0,0,0,0,0,0,0,0,
0,0,0,0,0,0,0,0,0,0,0,
0,0,0,0,0,0,0,0,0,0,0,
21007,21007,0,0,0,0,0,0,0,0,0,
3101,21007,0,0,0,0,0,0,0,0,0,
21007,21007,0,0,0,0,0,0,0,0,0
</data>
 </layer>
 <layer id="10" name="layer2" width="11" height="15" visible="0">
  <data encoding="csv">
0,0,0,0,0,0,0,0,0,21007,0,
0,0,0,0,0,0,0,0,0,21007,0,
0,0,0,0,0,0,0,0,0,21007,3079,
0,0,0,0,0,0,0,0,0,21007,0,
0,0,0,0,0,0,0,0,0,21007,0,
0,0,0,0,0,15034,0,0,0,21007,0,
0,0,0,0,0,0,0,0,0,21007,0,
0,0,0,0,0,0,0,0,0,21007,0,
0,0,0,0,0,0,0,0,0,21007,0,
0,0,0,0,0,0,0,0,0,21007,0,
0,0,0,0,0,0,0,0,0,21007,0,
0,0,0,0,0,0,0,0,0,21007,3079,
0,0,0,0,0,0,0,0,0,21007,0,
0,0,0,0,0,0,0,0,0,21007,0,
0,0,0,0,0,0,0,0,0,21007,0
</data>
 </layer>
 <layer id="11" name="layer3" width="11" height="15" visible="0">
  <data encoding="csv">
21002,21007,0,0,0,0,0,0,0,0,21002,
21007,3026,0,0,0,0,0,0,0,0,21002,
0,0,0,0,0,0,0,0,0,0,0,
0,0,0,0,0,0,0,0,0,0,0,
0,0,0,0,0,0,0,0,0,0,0,
0,0,0,0,0,15034,0,0,0,0,0,
0,0,0,0,0,0,0,0,0,0,0,
0,0,0,0,0,0,0,0,0,0,0,
0,0,0,0,0,0,0,0,0,0,0,
0,0,0,0,0,0,0,0,0,0,0,
0,0,0,0,0,0,0,0,0,0,0,
0,0,0,0,0,0,0,0,0,0,0,
0,0,0,0,0,0,0,0,0,0,0,
21002,0,0,0,0,0,0,0,0,3026,21007,
21002,0,0,0,0,0,0,0,0,21007,21002
</data>
 </layer>
 <layer id="12" name="layer4" width="11" height="15" visible="0">
  <data encoding="csv">
0,0,0,0,0,0,0,0,0,0,0,
0,0,0,0,0,0,0,0,0,0,0,
0,0,0,0,21007,3034,21007,0,0,0,0,
0,0,0,0,0,0,0,0,0,0,0,
0,0,0,0,0,0,0,0,0,0,0,
0,0,0,0,0,0,0,0,0,0,0,
0,0,0,0,0,15034,0,0,0,0,0,
0,0,0,0,0,0,0,0,0,0,0,
0,0,0,0,0,0,0,0,0,0,0,
0,0,21007,0,0,0,0,0,21007,0,0,
0,0,3034,21007,0,0,0,21007,3034,0,0,
0,0,0,0,0,0,0,0,0,0,0,
0,0,0,0,0,0,0,0,0,0,0,
0,0,0,0,0,0,0,0,0,0,0,
0,0,0,0,0,0,0,0,0,0,0
</data>
 </layer>
 <layer id="13" name="layer5" width="11" height="15">
  <data encoding="csv">
0,0,0,0,0,0,0,0,0,0,0,
3084,21007,0,0,0,0,0,0,0,21007,3084,
0,0,0,0,0,0,0,0,0,0,0,
0,0,0,0,0,0,0,0,0,0,0,
0,0,0,0,0,0,0,0,0,0,0,
0,0,0,0,0,15034,0,0,0,0,0,
0,0,0,0,0,0,0,0,0,0,0,
0,0,0,0,0,0,0,0,0,0,0,
0,0,0,0,0,0,0,0,0,0,0,
0,0,0,0,0,3084,0,0,0,0,0,
0,0,0,0,0,21007,0,0,0,0,0,
0,0,0,0,0,0,0,0,0,0,0,
0,0,0,0,0,0,0,0,0,0,0,
0,0,0,0,0,0,0,0,0,0,0,
0,0,0,0,0,0,0,0,0,0,0
</data>
 </layer>
</map>
