<?xml version="1.0" encoding="UTF-8"?>
<map version="1.4" tiledversion="1.4.2" orientation="orthogonal" renderorder="right-down" width="11" height="21" tilewidth="100" tileheight="100" infinite="0" nextlayerid="1" nextobjectid="1">
 <tileset firstgid="1" source="../../map_monster.tsx"/>
 <tileset firstgid="10001" source="../../map_boss.tsx"/>
 <tileset firstgid="20001" source="../../map_good.tsx"/>
 <layer id="1" name="layer1" width="11" height="21">
  <data encoding="csv">
3119,0,0,0,0,0,0,0,0,0,21002,
0,0,0,0,0,3083,0,0,0,0,0,
0,0,0,0,0,0,0,0,0,0,0,
0,21002,21152,21002,21002,3083,21005,21005,21005,0,3127,
0,0,0,0,0,0,0,0,0,0,0,
0,0,0,0,0,0,0,0,0,0,0,
0,0,0,0,0,0,0,0,0,0,0,
0,0,0,0,0,0,0,0,0,0,0,
0,0,0,21007,21007,21007,21007,21007,0,0,0,
0,0,0,21007,3149,0,3119,21007,0,0,0,
0,0,0,21007,0,0,0,21007,0,0,0,
0,0,0,21007,3119,0,3149,21007,0,0,0,
0,0,0,21007,21007,21007,21007,21007,0,0,0,
0,0,0,0,0,0,0,0,0,0,0,
0,0,0,0,0,0,0,0,0,0,0,
0,0,0,0,0,0,0,0,0,0,0,
0,0,0,0,0,0,0,0,0,0,0,
3127,0,21005,21005,21005,0,21002,21002,21152,21002,0,
0,0,0,0,0,0,0,0,0,0,0,
0,0,0,0,0,0,0,0,0,0,0,
21002,0,0,0,0,0,0,0,0,0,3119
</data>
 </layer>
</map>
